version https://git-lfs.github.com/spec/v1
oid sha256:87fecd06833a0c4eb442f1c79274a730b14351080986a22d9e15cac1b26e0ebc
size 168099
